
2640255
2648909
2662399
2674980
2687314
2702950
2711656
2719059
2734796
2748073
2754011
2760264
2761392
2769161
2782744
2802712
2820744
2837421
2846127
2851100
2863181
2874660
2877550
2881311
2875011
2878163
2880607
2891459
2901294
2903934
2897946
2888794
2887133
2884138
2871440
2857141
2844876
2842463
2851062
2873433
2882580
2891778
2894187
2891218
2892947
2888032
2859810
2856177
2847099
2847925
2860364
2875510
2889180
2903989
2901070
2899198
2899445
2889822
2875286
2868302
2853561
2853766
2867243
2890019
2907292
2917182
2919258
2924390
2917315
2901188
2893791
2882956
2875760
2878205
2886930
2912196
2928915
2939050
2939068
2939433
2932697
2923379
2905828
2893242
2886804
2889867
2906842
2938241
2958083
2972915
2977044
2977083
2974085
2969151
2944566
2935988
2928899
2932105
2956800
2986044
3006778
3023917
3027907
3029329
3028908
3021802
3008871
3006761
3000709
3004462
3026184
3056330
3081317
3098119
3100135
3102657
3105727
3094032
3084572
3080981
3071646
3074358
3091112
3133545
3160355
3178534
3178940
3183226
3181097
3172104
3159690
3151195
3141939
3147521
3171208
3209951
3239503
3258247
3264575
3271657
3269956
3268066
3260740
3253601
3243261
3249066
3269663
3315480
3344032
3368929
3377104
3383378
3383984
3385160
3374796
3366571
3363826
3369692
3397306
3440169
3467828
3488814
3497031
3504035
3506810
3503374
3489672
3482656
3479119
3487716
3516252
3553171
3573492
3594253
3595205
3601429
3605467
3597342
3586489
3578042
3570268
3576833
3599131
3626814
3647738
3665827
3664056
3664447
3659355
3637024
3613311
3600518
3584051
3591006
3602294
3631231
3650920
3664459
3665124
3666514
3657653
3643118
3629734
3621114
3605200
3602474
3612271
3633991
3652197
3659537
3660086
3656900
3641654
3623273
3601642
3588644
3579140
3576333
3582852
3604778
3620478
3626946
3628378
3624493
3613112
3598142
3577303
3566040
3559792
3558293
3571965
3599311
3614755
3625748
3630078
3629426
3624057
3613816
3600099
3594199
3587559
3589519
3603810
3626459
3643268
3656810
3659153
3659879
3658636
3649175
3636290
3630760
3621916
3623724
3634297
3655449
3672669
3685722
3689174
3692953
3690117
3674881
3663767
3654920
3645529
3646875
3664076
3685472
3705390
3719205
3726103
3731489
3726902
3721371
3713519
3702778
3699862
3703066
3716385
3744926
3772190
3789823
3801023
3808038
3809489
3809221
3796459
3792056
3790848
3794653
3813753
3836243
3865435
3889018
3903164
3907530
3909142
3909797
3894038
3889902
3881898
3886418
3905678
3940755
3974817
3996554
4008140
4017545
4023148
4014768
4003381
3999268
3979451
3977861
3989409
4015710
4043195
4064432
4066416
4069940
4066816
4045363
4025611
4018533
4001285
4002100
4018988
4044292
4070752
4088378
4094079
4102463
4099683
4076479
4057343
4044928
4032363
4031323
4046717
4074418
4103131
4119404
4128159
4136684
4131880
4110580
4093856
4077973
4065919
4065292
4078304
4114364
4144593
4161752
4172697
4177187
4174889
4159816
4128313
4116308
4103138
4103366
4117119
4156578
4184958
4207174
4220528
4223855
4220730
4194680
4169233
4156674
4141488
4141616
4153865
4197629
4234474
4259036
4271450
4276966
4278785
4245174
4216927
4207461
4194750
4195811
4220723
4261395
4293023
4312472
4323169
4328036
4328136
4292577
4265343
4263530
4246211
4251785
4268648
4310040
4349223
4366523
4377773
4383564
4368242
4333014
4305523
4284803
4270031
4268014
4275796
4396213
4360501
4382386
4396728
4397435
4384631
4354202
4322332
4308269
4291161
4285643
4298212
4347560
4388563
4417452
4434355
4437588
4427032
4398600
4356652
4342782
4330356
4332638
4353620
4420334
4462012
4489615
4507617
4511271
4501114
4454822
4424576
4408749
4395678
4395254
4431990
4480215
4522510
4552498
4566291
4571251
4561157
4499270
4469165
4457145
4435778
4435948
4456787
4512950
4568958
4600617
4614347
4622422
4596875
4544742
4518106
4502320
4487658
4492604
4527600
4593244
4643074
4671618
4690525
4700421
4674708
4626175
4602285
4582559
4569075
4573825
4608734
4675537
4726773
4760071
4782709
4788879
4769497
4727288
4686286
4678271
4666338
4669843
4708716
4773850
4833620
4869877
4893246
4894993
4880156
4820046
4780262
4776744
4765285
4770808
4807332
4871446
4931180
4967579
4987602
4990454
4974143
4903167
4864359
4855007
4836786
4838407
4861025
4933686
4998653
5048957
5051966
5045758
5020230
4936148
4896212
4880568
4859202
4859485
4887024
4963698
5012139
5045794
5057654
5057907
5010246
4941058
4907783
4901240
4882544
4886778
4904526
4959319
5006958
5053994
5085002
5084820
5056877
5004375
4957223
4951235
4936954
4936149
4983662
5039080
5092806
5142452
5160879
5148675
5112722
5060218
5006910
4993688
4977248
4979236
5004644

